%% ramRotamers.m
% script for manually inputing data and storing in structure arrays
% used for data analysis B2 DEER labels 20150405
% 
%
% MAGIC NUMBERS (you need to change these):
% conditionIndexActive, conditionIndexInactive,
% resultsNumber, results(resultsNumber).conditionName='', thresholdCW, thresholdDEER
%% populate the label type name field
rotamers.labelNames={'B2activeMTSLcryo','B2activeMTSLambient','B2activeProxylcryo',...
    'B2activeProxylambient','B2inactiveMTSLcryo','B2inactiveMTSLambient',...
    'B2inactiveProxylcryo','B2inactiveProxylambient','B2NbMTSLcryo',...
    'B2NbMTSLambient','B2NbProxylcryo','B2NbProxylambient'};

%% populate the residue number
rotamers(:,1).residue=[119
47
79
286
64
218
318
322
150
118
316
282
222
311
174
81
91
285
327
90
125
335
211
122
326
332
132
71
74
58
72
323
99
115
168
117
292
43
208
157
293
126
215
320
141
136
113
308
214
195
134
296
112
314
101
204
278
111
80
212
294
336
131
107
154
109
48
44
325
206
88
37
171
149
114
61
321
287
307
73
279
199
103
290
67
329
173
106
135
190
191
223
70
55
339
94
312
84
77
85
137
133
52
89
283
162
275
96
46
338
291
129
317
95
153
166
189
192
181
334
138
185
147
210
328
219
277
236
110
60
35
170
151
268
156
228
232
288
220
209
225
216
197
224
234
302
92
226
272
201
175
169
337
324
164
331
217
36
229
158
159
66
205
33
140
172
163
152
187
93
183
233
63
42
143
196
144
295
309
39
274
56
284
340
68
269
105
45
231
188
276
310
59
213
41
108
160
300
198
270
304
104
271
333
30
267
100
102
202
238
299
265
298
155
305
301
239
142
38
49
65
306
50
341
182
34
62
179
97
273
139
184
313
330
32
148
280
266
180
31
200
98
186
193
227
146
303
145
281
194
167
235
69
237
221
203
230
53
297
130
40
319
165
76
120
123
128
57
82
315
78
87
51
75
289
83
124
116
127
86
161
121
207
54];
rotamers(:,2).residue=[150
286
289
322
316
204
116
79
127
72
208
211
74
290
71
58
117
157
124
125
278
282
111
195
323
285
207
311
122
91
126
132
69
320
296
90
80
112
293
222
168
115
292
103
113
114
73
61
136
287
44
81
109
154
174
134
55
335
336
70
294
308
321
212
43
85
326
226
107
141
48
101
89
223
279
191
307
67
162
314
329
131
171
95
181
135
283
77
88
37
312
164
46
190
40
317
153
133
137
206
94
339
187
149
166
288
99
170
147
227
50
145
201
184
214
52
295
108
325
268
209
291
272
144
173
35
129
39
60
68
221
84
185
110
192
229
189
281
92
138
36
56
338
205
309
151
302
197
199
140
232
220
158
93
274
96
152
63
224
271
216
105
331
33
234
275
156
210
228
41
213
334
59
42
235
163
194
276
159
277
143
193
333
298
160
310
324
337
340
202
231
280
155
66
273
172
217
130
269
196
45
38
183
30
270
65
300
188
284
102
233
186
49
239
328
200
225
236
267
32
106
306
265
304
230
104
299
100
146
305
237
142
175
182
198
167
34
98
238
148
97
62
303
139
180
330
332
341
179
31
301
266
203
53
219
313
218
297
57
319
123
78
121
165
120
51
119
76
315
128
83
47
54
86
327
87
82
118
75
215
161
169
318
64]
rotamers(:,3).residue=[78
87
118
54
79
90
286
106
127
207
119
117
332
335
211
76
218
222
169
157
285
58
215
125
50
293
316
72
325
323
327
64
114
69
73
91
132
311
185
184
200
71
107
133
164
312
168
44
85
136
292
212
320
43
154
112
281
339
278
308
99
80
317
103
89
81
122
94
295
48
130
314
219
137
226
214
221
129
206
134
190
336
55
279
110
113
225
227
67
145
307
294
36
52
88
115
109
329
321
223
158
108
61
296
84
95
141
195
288
105
131
231
101
209
70
166
187
135
160
234
35
216
153
283
56
230
46
151
37
149
159
68
77
201
291
162
277
140
63
175
92
144
203
340
174
309
40
302
170
192
171
235
39
324
147
60
338
65
173
181
126
224
41
163
268
210
102
237
98
274
189
333
217
156
66
197
280
205
155
228
229
172
236
310
53
272
143
188
267
337
213
59
138
183
232
233
220
196
33
334
42
287
202
32
152
182
186
284
313
49
328
303
167
269
45
38
104
300
34
100
306
194
298
193
331
273
62
30
276
238
146
142
299
265
330
31
305
198
97
270
304
93
148
301
341
179
180
266
139
239
275
96
297
271
199
83
315
121
75
82
289
120
123
318
191
47
86
116
51
319
124
57
165
128
290
161
322
150
208
111
204
282
74
326];
rotamers(:,4).residue=[57
54
289
208
117
211
285
218
72
335
157
50
114
127
76
327
125
200
325
292
132
296
222
115
311
320
85
136
323
168
212
154
133
169
281
91
122
293
278
69
73
195
113
164
43
80
44
134
71
312
93
321
89
135
112
46
184
279
81
67
137
55
129
314
332
36
308
214
336
209
339
287
225
94
108
307
221
110
329
288
313
95
190
107
88
283
130
295
153
234
48
105
131
294
317
223
37
206
160
162
170
84
68
151
63
92
150
61
101
52
227
174
77
66
291
187
158
231
35
338
277
163
303
144
103
109
171
340
192
70
220
228
159
39
173
194
310
326
324
272
216
149
60
56
210
205
59
233
189
302
280
229
232
333
274
268
156
102
185
166
201
141
152
196
140
230
58
155
224
219
138
65
284
197
175
183
217
226
143
276
298
33
237
41
309
98
275
236
202
100
337
334
213
42
147
182
32
269
181
235
199
30
267
45
167
331
300
270
186
265
145
38
273
304
34
146
328
96
198
188
126
306
172
148
238
142
299
193
62
104
31
97
330
49
179
297
239
139
305
266
180
301
341
271
53
203
40
83
315
121
75
120
161
47
79
78
51
286
319
191
322
82
86
318
119
207
87
204
124
118
290
165
90
282
64
128
74
123
116
316
111
215
99
106];
rotamers(5).residue=[121
51
120
79
124
282
269
174
316
89
99
71
289
275
335
286
226
106
208
332
195
168
58
50
285
272
64
212
274
131
107
191
318
132
81
311
176
211
273
90
326
145
143
325
101
109
130
322
91
323
115
303
125
93
320
74
92
290
339
266
171
113
112
67
276
88
110
279
312
194
292
73
134
95
108
283
70
114
154
80
66
85
293
199
149
117
200
65
204
136
61
207
55
190
147
331
321
122
192
133
294
77
196
157
185
218
48
96
271
126
314
333
308
263
187
225
37
170
268
36
105
52
44
140
162
100
328
221
175
334
219
182
214
153
164
329
159
281
172
287
295
302
160
338
33
291
60
277
39
151
75
173
317
229
166
307
68
43
216
189
227
155
94
296
103
313
129
205
201
209
337
327
210
298
45
35
202
144
223
342
288
230
46
330
146
228
264
186
152
206
156
141
197
324
41
163
224
188
183
56
137
49
42
180
102
300
84
38
304
284
63
32
299
310
178
220
193
280
139
217
142
148
59
31
69
213
34
104
301
97
179
265
267
198
62
341
29
305
138
177
30
340
98
167
270
336
309
203
306
158
297
184
53
40
57
222
119
111
76
127
87
118
135
86
47
161
54
116
315
319
169
150
215
181
83
123
72
165
278
78
128
82];
rotamers(6).residue=[47
282
116
71
322
174
75
286
58
72
109
289
69
212
131
74
124
89
335
316
285
215
211
91
106
157
332
318
121
292
64
79
143
168
125
339
67
323
195
117
115
120
130
132
320
325
326
80
70
93
113
154
145
122
276
308
207
275
175
99
73
283
294
311
312
194
176
126
281
81
329
112
273
225
44
92
290
95
107
331
55
50
204
61
303
321
219
271
266
153
218
85
171
293
48
296
221
136
137
314
147
229
33
200
162
199
101
277
88
149
307
37
43
338
140
77
108
190
170
336
317
36
164
295
274
328
60
227
287
68
96
327
223
100
56
166
114
160
105
270
333
192
288
209
187
302
214
172
110
201
133
66
230
264
182
103
206
196
52
39
144
197
342
205
173
334
158
220
46
159
94
151
263
41
291
155
268
129
216
42
152
202
298
193
184
330
146
224
40
63
183
35
279
324
141
280
38
313
228
156
208
163
84
188
102
210
59
337
142
310
213
45
297
180
217
265
49
284
139
178
340
186
299
65
32
300
34
267
304
301
98
30
31
148
189
179
29
104
198
167
62
138
97
177
305
306
341
309
53
185
203
83
86
119
123
51
319
169
78
118
150
128
315
82
111
76
278
165
127
222
90
57
191
226
134
87
272
269
135
54
181
161];
